0 115 281
1 100 265
2 136 286
3 135 288
4 113 265
5 116 268
6 134 276
7 92 220
8 76 209
9 87 237
10 104 225
11 100 240
12 110 251
13 86 225
14 104 236
15 92 241
16 122 261
17 79 239
18 99 257
19 120 250
20 114 257
21 96 247
22 95 256
23 122 261
24 134 257
25 111 253
26 54 176
27 111 232
28 97 247
29 110 238
30 111 255
31 100 234
32 107 225
33 107 232
34 98 224
35 92 230
36 79 194
37 75 175
38 98 238
39 101 219
40 96 252
41 106 256
42 108 255
43 99 241
44 122 259
45 121 277
46 98 223
47 116 262
48 116 264
49 102 280
50 133 293
51 116 256
52 113 288
53 120 271
54 92 270
55 132 291
56 89 246
57 107 239
58 100 251
59 107 257
60 117 282
61 119 276
62 113 262
63 125 264
64 102 272
65 119 266
66 97 283
67 123 279
68 101 281
69 116 277
70 92 230
71 97 263
72 118 288
73 106 282
74 101 270
75 120 275
76 136 287
77 109 256
78 118 268
79 99 257
80 124 279
81 114 245
82 98 247
83 117 264
84 98 259
85 101 261
86 108 275
87 105 263
88 118 279
89 142 294
90 91 235
91 114 276
92 145 291
93 146 306
94 121 291
95 128 293
96 98 271
97 98 261
98 107 259
99 140 282
100 115 247
101 118 278
102 104 272
103 90 226
104 113 254
105 119 259
106 117 241
107 123 319
108 94 277
109 85 239
110 143 349
111 127 315
112 133 338
113 135 341
114 124 315
115 97 288
116 131 302
117 128 311
118 133 324
119 122 315
120 108 310
121 132 304
122 124 320
123 128 339
124 122 291
125 136 274
126 98 279
127 143 336
128 108 293
129 138 340
130 108 289
131 108 286
132 126 304
133 128 338
134 124 271
135 136 308
136 110 289
137 129 320
138 122 300
139 116 313
140 85 215
141 127 324
142 109 297
143 116 273
144 99 249
145 103 313
146 142 332
147 129 292
148 96 283
149 112 266
150 98 274
151 98 230
152 108 264
153 102 254
154 130 295
155 119 309
156 91 245
157 106 279
158 120 313
159 115 315
160 93 306
161 129 302
162 122 318
163 112 298
164 144 339
165 154 342
166 116 303
167 129 326
168 136 317
169 121 319
170 140 313
171 136 344
172 145 337
173 69 194
174 113 323
175 135 343
176 143 346
177 164 362
178 132 334
179 115 328
180 113 307
181 146 358
182 123 332
183 120 323
184 116 306
185 108 312
186 122 297
187 120 277
188 121 287
189 116 286
190 111 265
191 128 290
192 99 271
193 106 274
194 110 281
195 100 246
196 113 266
197 120 279
198 111 302
199 109 306
200 118 338
201 104 307
202 112 301
203 127 315
204 119 300
205 139 310
206 103 310
207 137 334
208 111 298
209 119 312
210 111 319
211 134 318
212 113 287
213 137 294
214 118 307
215 137 335
216 108 287
217 102 264
218 84 224
219 87 255
220 119 303
221 118 298
222 132 333
223 124 316
224 107 297
225 122 317
226 130 324
227 162 355
228 122 325
229 155 334
230 123 316
231 128 329
232 155 348
233 123 301
234 99 256
235 112 244
236 88 244
237 117 264
238 144 264
239 124 246
240 79 241
241 104 242
242 90 256
243 103 253
244 80 224
245 120 250
246 96 248
247 129 321
248 139 326
249 129 293
250 116 294
251 123 320
252 111 295
253 117 315
254 125 305
255 117 279
256 120 322
257 132 300
258 97 263
259 117 283
260 108 324
261 114 306
262 111 246
263 92 234
264 104 258
265 131 274
266 106 271
267 101 265
268 117 266
269 131 274
270 106 250
271 113 245
272 109 268
273 111 274
274 110 274
275 139 274
276 59 169
277 121 283
278 114 262
279 97 263
280 131 286
281 97 238
282 100 259
283 109 256
284 77 220
285 97 250
286 107 262
287 125 271
288 109 272
289 74 234
290 96 257
291 100 248
292 85 242
293 83 249
294 106 254
295 93 241
296 85 243
297 112 266
298 108 246
299 94 240
300 86 262
301 104 270
302 92 258
303 100 276
304 114 267
305 109 272
306 111 280
307 89 250
308 116 279
309 109 271
310 91 257
311 96 241
312 81 253
313 82 165
314 104 236
315 118 246
316 98 234
317 105 229
318 89 235
319 105 245
320 97 257
321 94 252
322 90 240
323 89 247
324 101 247
325 86 239
326 111 272
327 82 225
328 108 294
329 89 225
330 67 229
331 104 255
332 90 287
333 92 286
334 87 237
335 87 242
336 115 275
337 102 268
338 90 266
339 92 265
340 103 271
341 66 216
342 96 237
343 110 269
344 87 248
345 74 227
346 85 264
347 100 249
348 92 247
349 93 256
350 82 243
351 113 261
352 87 241
353 87 263
354 104 264
355 73 227
356 93 255
357 56 220
358 88 260
359 114 274
360 98 251
361 113 263
362 104 246
363 73 221
364 110 252
365 85 257
366 95 250
367 101 251
368 136 281
369 113 284
370 93 259
371 99 253
372 110 258
373 99 246
374 108 255
375 77 207
376 98 248
377 111 257
378 95 251
379 89 247
380 95 254
381 108 255
382 113 251
383 110 270
384 109 248
385 102 259
386 98 244
387 62 173
388 101 268
389 130 302
390 129 312
391 108 284
392 91 225
393 105 251
394 125 259
395 97 255
396 107 265
397 107 263
398 101 267
399 111 273
400 100 243
401 85 235
402 109 266
403 115 253
404 130 309
405 113 274
406 113 263
407 132 326
408 132 321
409 116 285
410 122 322
411 96 276
412 111 264
413 93 240
414 98 247
415 89 245
416 98 246
417 98 238
418 120 273
419 100 263
420 106 259
421 109 263
422 109 301
423 120 277
424 106 269
425 55 145
426 103 239
427 91 257
428 86 253
429 114 296
430 127 280
431 112 280
432 119 275
433 112 286
434 120 341
435 114 297
436 105 286
437 124 323
438 106 313
439 115 306
440 103 291
441 101 266
442 103 261
443 85 235
444 89 251
445 102 259
446 95 242
447 93 231
448 103 271
449 129 294
450 108 285
451 115 284
452 131 267
453 100 254
454 87 272
455 125 313
456 120 317
457 118 327
458 125 337
459 102 265
460 91 263
461 119 316
462 124 320
463 118 297
464 107 299
465 117 304
466 122 328
467 105 281
468 119 315
469 105 303
470 132 318
471 128 319
472 158 338
473 107 308
474 118 313
475 111 330
476 128 319
477 119 327
478 128 334
479 107 292
480 120 303
481 102 284
482 119 317
483 91 267
484 117 265
485 111 309
486 110 317
487 100 295
488 119 300
489 95 299
490 124 335
491 136 306
492 90 236
493 118 262
494 103 251
495 106 250
496 123 271
497 102 261
498 97 257
499 102 257
500 98 235
501 83 224
502 91 275
503 103 249
504 98 263
505 107 260
506 91 263
507 79 282
508 135 296
509 107 292
510 114 304
511 111 281

