0 00
1 00
2 00
3 00
4 FE
5 ED
6 BE
7 EF
8 00
9 00
10 00
11 00
12 00
13 00
14 00
15 00
16 00
17 00
18 00
19 00
20 00
21 00
22 00
23 00
24 00
25 00
26 00
27 00
28 00
29 00
30 00
31 55
32 C8
33 24
34 44
35 55
36 55
37 55
38 55
39 55
40 0F
41 00
42 00
43 00
44 88
45 89
46 99
47 0A
48 0A
49 0A
50 0A
51 55
52 51
53 00
54 80
55 18
56 00
57 20
58 00
59 01
60 00
61 00
62 DC
63 00
64 00
65 00
66 00
67 00
68 00
69 00
70 00
71 00
72 00
73 00
74 00
75 00
76 00
77 00
78 00
79 00
80 00
81 00
82 81
83 03
84 80
85 00
86 00
87 00
88 00
89 00
90 00
91 00
92 00
93 00
94 00
95 19
96 00
97 00
98 00
99 00
100 00
101 00
102 00
103 00
104 00
105 00
106 00
107 00
108 00
109 00
110 00
111 00
112 00
113 00
114 1C
115 00
116 00
117 00
118 1C
119 00
120 1C
121 00
122 1C
123 00
124 00
125 00
126 00
127 00
128 00
129 00
130 00
131 00
132 00
133 00
134 00
135 00
136 00
137 00
138 1C
139 00
140 1C
141 00
142 00
143 00
144 00
145 00
146 00
147 00
148 00
149 00
150 00
151 00
152 00
153 00
154 00
155 00
156 00
157 00
158 00
159 00
160 00
161 00
162 00
163 00
164 5A
165 00
166 00
167 FF
168 1F
169 55
170 09
171 03
172 03
173 00
174 03
175 00
176 03
177 00
178 03
179 00
180 03
181 00
182 00
183 03
184 00
185 00
186 00
187 00
188 00
189 00
190 08
191 00
192 00
193 80
194 00
195 00
196 F6
197 F6
198 F6
199 F6
200 F6
201 F6
202 F6
203 00
204 02
205 02
206 02
207 02
208 02
209 02
210 02
211 02
212 02
213 02
214 02
215 02
216 02
217 02
218 02
219 02
220 02
221 02
222 02
223 02
224 02
225 02
226 02
227 02
228 02
229 02
230 02
231 02
232 03
233 00
234 00
235 00
236 00
237 00
238 00
239 06
240 00
241 00
242 00
243 00
244 00
245 00
246 00
247 00
248 00
249 00
250 00
251 00
252 00
253 00
254 00
255 00
256 00
257 00
258 00
259 00
260 00
261 00
262 00
263 00
264 00
265 00
266 00
267 00
268 00
269 00
270 00
271 00
272 00
273 00
274 00
275 00
276 00
277 00
278 00
279 00
280 00
281 00
282 00
283 00
284 00
285 00
286 00
287 00
288 00
289 00
290 00
291 00
292 00
293 00
294 00
295 00
296 00
297 00
298 00
299 00
300 00
301 00
302 00
303 00
304 00
305 00
306 10
307 00
308 00
309 00
310 00
311 00
312 00
313 00
314 00
315 00
316 00
